image: map.pgm
resolution: 0.200000
origin: [-1.800000, -19.000000, -nan]
negate: 0
occupied_thresh: 0.65
free_thresh: 0.196

